SIG_RMS
 Mean: 3.104 STDDEV: 0.934 Var: 0.873
      4.26713      4.28839      4.22924      4.06708      3.80732      3.37104      2.67233      1.90860      1.59931      2.22441      3.24122      3.98723      4.27845      3.73312      2.43294      1.57143
      1.99016      2.13548      2.40815      2.84234      3.34931      3.80207      4.19226      4.32941      3.93555      3.09948      1.96785      1.73244      2.88252      4.04037      4.25045      3.32405
      3.72656      3.53550      3.16749      2.70328      2.17305      1.66900      1.76300      2.54110      3.59440      4.23906      4.20781      3.30197      1.90853      1.95886      3.49142      4.27571
      3.57149      3.75732      4.02850      4.25704      4.26274      4.08191      3.54424      2.57172      1.65247      2.08889      3.40822      4.28222      3.97001      2.63781      1.63865      3.12361
      1.94560      1.71047      1.58570      1.77909      2.45178      3.30642      4.00136      4.31353      3.87791      2.84950      1.62064      2.44716      3.95391      4.18500      3.01760      1.60207
      4.21549      4.12715      3.97589      3.52058      2.80638      1.87190      1.65246      2.66190      3.79801      4.23418      3.75064      2.19448      1.88747      3.66997      4.28429      2.94291
      2.68424      3.04630      3.45757      3.97555      4.28581      4.19093      3.54235      2.29524      1.62128      2.85965      4.09396      4.11032      2.62147      1.76390      3.68162      4.17897
      2.61921      2.24400      1.74323      1.63498      2.23767      3.23360      4.06369      4.29067      3.45207      1.89062      2.14925      3.85068      4.20903      2.63080      1.90139      3.91548
      4.32312      4.31008      4.16634      3.68156      2.81342      1.85235      1.82503      3.14819      4.21637      4.04727      2.42049      1.85221      3.69186      4.21751      2.32977      2.40126
      2.11842      2.59954      3.28208      3.91722      4.29674      4.06470      3.15960      1.79341      2.24289      3.86510      4.19343      2.71406      1.83284      3.90101      3.95997      1.73375
      3.05537      2.55370      1.91966      1.59993      2.31730      3.53346      4.26907      3.93116      2.53886      1.74875      3.63866      4.20530      2.59526      2.08686      4.19991      3.33668

NOISE_RMS
 Mean: 0.994 STDDEV: 0.066 Var: 0.004
     0.978165      1.05936      1.00234     0.890159     0.903498     0.870112     0.954687     0.972425     0.952450     0.998081     0.984041     0.981207      1.12747      1.04568      1.06931      1.10665
      1.02634     0.999452      1.02824     0.993763     0.994506     0.940356     0.989928      1.02476      1.06422     0.993725      1.00316     0.992987     0.888073     0.957984     0.971357      1.05288
     0.992623      1.04391     0.994865     0.970580     0.977763     0.967625      1.01608      1.02345      1.01926     0.966521     0.945981     0.903887     0.887531      1.14826      1.00260      1.04371
     0.958966      1.09583     0.915292     0.940418     0.957965     0.910850      1.04277     0.987530     0.916585      1.07879     0.953207      1.12109     0.986461     0.962789     0.914423     0.978486
     0.987756     0.855735     0.952984      1.01619      1.02833      1.09489     0.921054     0.979777     0.984167     0.977534     0.955990     0.930265      1.05516      1.03266      1.01352      1.15221
      1.02833      1.05901     0.998411     0.872040      1.00252     0.855828     0.893633     0.916861     0.898251     0.897447      1.03037     0.948975      1.07011     0.956625     0.869748      1.01589
     0.961024      1.06473     0.889720      1.00083      1.10093      1.01942     0.963070      1.01022     0.826417     0.978245     0.981417      1.02127      1.06346      1.00536     0.991187      1.02382
      1.00680     0.958475     0.994583      1.07833      1.07859     0.933560      1.12362     0.995494     0.981090      1.03078     0.822234     0.969630     0.892017      1.01642     0.942914     0.944230
     0.936679      1.08269     0.990024     0.985512     0.975481     0.908439      1.10852      1.02201      1.02360      1.00557     0.912573      1.02105     0.989887     0.993003     0.936567      1.09539
      1.04151     0.936800      1.09033      1.08678     0.939689      1.07939      1.01922     0.964133      1.06020     0.996612     0.928243      1.02953      1.10329     0.943134     0.962111      1.00814
      1.05221      1.08694      1.05979     0.935504     0.959639      1.11978      1.04462      1.11775     0.952667     0.953317      1.11910      1.03475     0.984801      1.03995     0.940286     0.944673

SNR_DB
 Mean: 9.470 STDDEV: 2.902 Var: 8.419
      12.7945      12.1450      12.5049      13.1963      12.4938      11.7638      8.94058      5.85719      4.50182      6.96100      10.3539      12.1782      11.5836      11.0535      7.14054      3.04568
      5.75190      6.59465      7.39184      9.12786      10.5470      12.1346      12.5369      12.5161      11.3595      9.88045      5.85245      4.83428      10.2265      12.5013      12.8211      9.98576
      11.4905      10.5958      10.0590      8.89718      6.93673      4.73499      4.78653      7.89906      10.9469      12.8412      12.9635      11.2532      6.65029      4.63930      10.8375      12.2486
      11.4209      10.7027      12.8717      13.1157      12.9668      13.0283      10.6267      8.31346      5.11922      5.73954      11.0668      11.6406      12.0942      8.75424      5.06677      10.0821
      5.88807      6.01552      4.42272      4.86447      7.54700      9.59973      12.7585      12.8741      11.9106      9.29274      4.58469      8.40111      11.4741      12.1548      9.47661      2.86296
      12.2543      11.8150      12.0025      12.1215      8.94105      6.79792      5.33943      9.25776      12.5232      13.4752      11.2222      7.28153      4.92901      11.6784      13.8497      9.23860
      8.92174      9.13068      11.7904      11.9807      11.8055      12.2792      11.3127      7.12821      5.85319      9.31730      12.4058      12.0947      7.83650      4.88304      11.3977      12.2169
      8.30454      7.38886      4.87430      3.61521      6.33884      10.7909      11.1661      12.6897      10.9274      5.26875      8.34582      11.9786      13.4762      8.26032      6.09198      12.3541
      13.2841      11.9996      12.4822      11.4474      9.20032      6.18855      4.33050      9.77214      12.2962      12.0950      8.47271      5.17290      11.4332      12.5621      7.91548      6.81743
      6.16702      8.86499      9.57180      11.1367      13.2031      11.5170      9.82727      5.39083      6.50839      11.7727      13.0982      8.41959      4.40868      12.3321      12.2893      4.70935
      9.25924      7.41933      5.16012      4.66109      7.65748      9.98135      12.2275      10.9235      8.51395      5.26981      10.2414      12.1792      8.41665      6.04962      12.9996      10.9607
