SIG_RMS
 Mean: 11.172 STDDEV: 0.846 Var: 0.716
      11.2899      11.6952      12.0787      12.3753      12.4539      12.1900      11.6134      10.9221      10.3353      10.0174      10.0565      10.3680      10.8062      11.3122      11.7785      12.0628
      10.5938      11.0312      11.5176      11.9874      12.3593      12.4578      12.1199      11.4297      10.6818      10.1439      9.99671      10.2388      10.6829      11.2255      11.7484      12.0682
      10.1285      10.4242      10.8956      11.4535      11.9949      12.3999      12.4228      11.9092      11.0899      10.3583      10.0013      10.1333      10.5693      11.1423      11.7202      12.0750
      10.0019      10.0696      10.3588      10.8791      11.5082      12.1022      12.4677      12.2773      11.5181      10.6392      10.0705      10.0545      10.4646      11.0620      11.6934      12.0829
      10.2163      10.0131      10.0564      10.3800      10.9811      11.6802      12.2859      12.4692      11.9191      10.9650      10.1992      10.0061      10.3686      10.9844      11.6674      12.0915
      10.7615      10.2567      10.0132      10.0783      10.4958      11.2069      11.9575      12.4642      12.2419      11.3140      10.3788      9.99098      10.2816      10.9093      11.6422      12.1009
      11.4511      10.7817      10.2273      10.0022      10.1551      10.7356      11.5554      12.2900      12.4433      11.6624      10.5989      10.0109      10.2040      10.8365      11.6175      12.1109
      12.0901      11.4260      10.6907      10.1419      10.0078      10.3400      11.1243      12.0007      12.5010      11.9828      10.8491      10.0659      10.1368      10.7661      11.5931      12.1214
      12.4751      12.0280      11.2821      10.5026      10.0440      10.0889      10.7039      11.6479      12.4191      12.2463      11.1192      10.1543      10.0810      10.6980      11.5690      12.1324
      12.3393      12.4340      11.8592      11.0196      10.2630      10.0004      10.3486      11.2666      12.2245      12.4274      11.3982      10.2730      10.0377      10.6324      11.5451      12.1438
      11.6909      12.4164      12.3149      11.5689      10.6555      10.0619      10.1098      10.8832      11.9532      12.5099      11.6741      10.4180      10.0082      10.5692      11.5213      12.1556
      10.8783      11.9064      12.4795      12.0605      11.1473      10.2725      10.0058      10.5311      11.6376      12.4901      11.9333      10.5849      9.99340      10.5087      11.4976      12.1678
      10.2407      11.1447      12.2071      12.4009      11.6423      10.6243      10.0272      10.2503      11.3014      12.3770      12.1610      10.7693      9.99422      10.4507      11.4739      12.1802

NOISE_RMS
 Mean: 63.350 STDDEV: 3.532 Var: 12.478
      63.9852      64.0853      57.3698      56.6340      62.2651      67.4311      69.0874      65.1539      59.7316      73.1088      60.5967      59.5859      63.7118      65.4761      61.0652      68.2519
      61.6207      70.1251      65.4448      67.0186      61.3892      63.8865      60.8731      68.4396      65.6123      68.6999      65.8673      61.6854      56.8482      66.2915      63.3347      67.4912
      62.7303      60.2098      57.8010      62.5642      67.8269      59.6408      60.9799      65.4209      60.4668      62.6847      62.5342      68.4235      61.2124      62.8337      63.6882      60.6299
      66.5675      67.5729      59.1253      60.8054      65.1192      60.6972      67.9605      63.2257      66.8113      60.7935      63.7516      62.1349      61.9711      63.4577      60.2375      63.9587
      64.0987      65.8875      63.0966      67.9157      68.6519      63.9107      61.5820      65.4365      62.3860      62.1977      68.4397      60.9983      68.3451      67.9539      59.5171      67.2149
      61.0373      61.3625      62.3528      59.2889      67.0737      55.4496      57.1796      68.6033      61.2405      57.3942      69.7872      62.5540      68.2483      56.8232      63.9380      60.2930
      62.5020      69.3728      68.5984      63.0255      58.9782      69.2875      65.6774      62.6952      55.4511      65.0479      62.7777      69.0716      65.3577      67.0006      58.2103      63.3952
      59.2194      63.5271      69.8618      66.9661      62.1511      67.9543      63.9869      62.9482      58.8697      71.1771      62.0632      59.6966      59.1878      60.9954      60.8711      62.3881
      66.9246      62.3999      62.5021      59.8715      61.0617      68.6832      60.5668      59.1266      62.4846      58.0457      62.7543      57.4143      66.2216      61.5708      56.7200      59.8390
      69.0275      61.3207      62.7801      64.9501      58.1971      64.9213      69.2801      66.2791      67.0376      69.5458      65.3410      66.2956      62.7207      60.7042      57.5408      66.2860
      63.4554      58.9040      54.8733      65.0444      66.0666      61.0938      61.1415      61.0342      64.1507      66.1214      59.9595      63.2164      66.8726      61.2632      60.0180      65.4179
      66.3003      62.4565      63.0260      66.3274      61.8008      60.9657      67.6381      60.4314      63.4541      63.9357      63.4176      63.7117      67.9302      62.0899      58.3112      65.9036
      65.4745      61.7561      63.6311      60.5325      60.9128      62.5248      63.3245      63.8352      66.6025      61.3313      66.9434      65.3489      60.3731      56.9905      65.6478      62.3031

SNR_DB
 Mean: -15.084 STDDEV: 0.855 Var: 0.731
     -15.0678     -14.7750     -13.5333     -13.2104     -13.9788     -14.8571     -15.4888     -15.5127     -15.2377     -17.2642     -15.6000     -15.1890     -15.4110     -15.2507     -14.2941     -15.0533
     -15.2935     -16.0650     -15.0903     -14.9494     -13.9219     -14.1993     -14.0185     -15.5455     -15.7668     -16.6150     -16.3763     -15.5986     -14.5205     -15.4250     -14.6332     -14.9521
     -15.8387     -15.2325     -14.4937     -14.7477     -15.0481     -13.6425     -13.8194     -14.7967     -14.7318     -15.6374     -15.9212     -16.5891     -15.2559     -15.0244     -14.7024     -14.0160
     -16.4636     -16.5352     -15.1293     -14.9470     -15.0540     -14.0061     -14.7294     -14.2358     -15.2694     -15.1390     -16.0288     -15.8195     -15.4493     -15.1730     -14.2385     -14.4746
     -15.9511     -16.3647     -15.9513     -16.3155     -15.9201     -14.7625     -14.0009     -14.3997     -14.3769     -15.0753     -16.5349     -15.7011     -16.3797     -15.8287     -14.1533     -14.8997
     -15.0745     -15.5379     -15.8857     -15.3917     -16.1108     -13.8883     -13.5920     -14.8136     -13.9838     -14.1050     -16.5526     -15.9329     -16.4406     -14.3346     -14.7945     -13.9490
     -14.7409     -16.1700     -16.5310     -15.9884     -15.2801     -16.1966     -15.0926     -14.1537     -12.9795     -14.9289     -15.4509     -16.7765     -16.1305     -15.8238     -13.9978     -14.3776
     -13.8007     -14.9013     -16.3046     -16.3947     -15.8622     -16.3539     -15.1963     -14.3955     -13.4590     -15.4756     -15.1488     -15.4619     -15.3266     -15.0648     -14.4042     -14.2310
     -14.5909     -14.2998     -14.8701     -15.1185     -15.6773     -16.6602     -15.0539     -14.1107     -14.0336     -13.5153     -15.0314     -15.0474     -16.3499     -15.2014     -13.8088     -13.8607
     -14.9546     -13.8599     -14.4753     -15.4083     -15.0725     -16.2474     -16.5146     -15.3917     -14.7817     -14.9578     -15.1670     -16.1958     -15.9155     -15.1318     -13.9516     -14.7413
     -14.6924     -13.5229     -12.9786     -14.9984     -15.8482     -15.6663     -15.6319     -14.9763     -14.5944     -14.4617     -14.2127     -15.6609     -16.4979     -15.2631     -14.3356     -14.6184
     -15.6991     -14.3960     -14.0664     -14.8065     -14.8765     -15.4682     -16.5988     -15.1758     -14.7319     -14.1835     -14.5090     -15.5906     -16.6470     -15.4295     -14.1029     -14.6740
     -16.1149     -14.8722     -14.3411     -13.7707     -14.3734     -15.3950     -16.0078     -15.8865     -15.4072     -13.9013     -14.8148     -15.6610     -15.6219     -14.7331     -15.1501     -14.1771
